0.260320
0.245710
0.246470
0.251070
0.234640
0.251400
0.258450
0.261970
0.277820
0.280360
0.243690
0.264280
0.264350
0.262730
0.272630
0.261830
0.269230
0.262790
0.239550
0.266270
0.227760
0.235810
0.229580
0.248930
0.297600
0.270340
0.250010
0.269330
0.251670
0.267820
0.285300
0.260980
0.259740
0.278180
0.248490
0.248260
0.254140
0.250390
0.285440
0.278710
0.253490
0.258000
0.254870
0.248030
0.271780
0.243700
0.262760
0.269120
0.277210
0.256080
0.264280
0.254140
0.236120
0.259710
0.279260
0.271980
0.260750
0.305370
0.280630
0.299060
0.250170
0.267510
0.247030
0.250960
0.258010
0.267380
0.273010
0.235930
0.250290
0.277420
0.233770
0.262690
0.260130
0.272880
0.267440
0.250290
0.249780
0.282410
0.228330
0.240800
0.256080
0.231490
0.260070
0.270240
0.285560
0.275010
0.270880
0.235250
0.262250
0.253220
0.256260
0.246300
0.269750
0.267650
0.239080
0.252830
0.274850
0.273370
0.252790
