0.001440
0.001500
0.001730
0.001670
0.001810
0.001930
0.001410
0.001940
0.002040
0.001640
0.002040
0.001950
0.001930
0.001490
0.001470
0.001500
0.001400
0.001960
0.001740
0.001480
0.001490
0.001990
0.001460
0.001550
0.001980
0.002040
0.001520
0.001490
0.001510
0.001690
0.001500
0.001420
0.001540
0.001410
0.002020
0.001470
0.001480
0.001550
0.002130
0.002070
0.001480
0.001520
0.001520
0.001520
0.001490
0.001810
0.001490
0.001440
0.001510
0.001760
0.001450
0.001440
0.002040
0.001480
0.001660
0.001940
0.001690
0.001500
0.001480
0.002470
0.000740
0.001550
0.001460
0.001550
0.001430
0.001470
0.001540
0.001490
0.001520
0.001670
0.002150
0.001690
0.001610
0.001470
0.001930
0.001460
0.001690
0.001690
0.001510
0.001510
0.001380
0.001490
0.001480
0.002000
0.002140
0.001450
0.001990
0.001540
0.001500
0.001690
0.001850
0.001410
0.001590
0.001480
0.001480
0.001560
0.001450
0.001940
0.001450
