0.231670
0.253770
0.231780
0.225990
0.212390
0.205920
0.210690
0.240450
0.347280
0.206870
0.236540
0.245740
0.248870
0.248240
0.246750
0.220990
0.228810
0.284740
0.260430
0.273400
0.271210
0.267710
0.213410
0.266390
0.222050
0.265640
0.261420
0.252590
0.249260
0.217790
0.248660
0.236620
0.269270
0.215530
0.214990
0.242110
0.222160
0.251020
0.279390
0.244320
0.254960
0.147460
0.212680
0.260320
0.241580
0.234690
0.221970
0.237130
0.274490
0.219740
0.281870
0.280450
0.233950
0.241150
0.265550
0.251550
0.233210
0.235280
0.274110
0.248040
0.201040
0.204650
0.271480
0.269930
0.196340
0.192920
0.241390
0.250280
0.219550
0.240890
0.225670
0.220290
0.219510
0.271360
0.216810
0.202010
0.183040
0.207720
0.286400
0.299020
0.282590
0.282570
0.255410
0.268980
0.216180
0.250040
0.261760
0.208180
0.240900
0.196930
0.251000
0.237570
0.236830
0.218820
0.204790
0.254250
0.218210
0.217910
0.231510
